11,153
17,281
24,367
30,351
37,327
44,326
50,398
57,430
63,388
70,355
76,394
82,442
90,439
96,396
103,368
109,436
116,472
122,421
130,379
136,441
142,476
149,442
155,396
162,443
168,479
176,460
182,412
189,444
197,477
206,412
216,496
225,443
235,464
244,475
253,427
263,493
272,433
281,477
290,466
301,437
310,486
319,411
328,489
337,452
347,444
356,476
366,406
375,492
385,428
394,446
403,456
412,404
421,473
432,388
441,441
450,427
459,400
468,456
478,362
487,436
496,391
506,389
516,427
525,349
534,421
543,333
552,372
562,385
572,332
581,403
590,298
600,353
609,334
618,314
627,381
637,277
647,329
656,269
665,290
674,335
684,260
693,312
703,234
712,276
721,295
731,249
740,301
749,225
758,266
769,251
778,243
787,303
796,227
805,274
815,212
824,255
834,310
843,237
852,291
862,224
871,270
880,297
889,256
900,320
909,245
918,300
927,294
936,287
946,366
955,276
965,339
974,302
984,323
993,373
1002,309
1012,302
1022,319
1034,367
1044,399
1054,423
1064,420
1075,404
1085,391
1095,377
1106,366
1117,356
1127,387
1137,421
1147,443
1158,462
1169,477
1179,464
1189,445
1200,428
1210,413
1220,398
1231,433
1242,455
1252,471
1262,483
1272,493
1283,494
1293,468
1304,447
1314,428
1325,410
1335,440
1345,459
1355,473
1367,483
1377,491
1387,494
1397,465
1408,442
1418,421
1428,400
1439,409
1449,431
1460,448
1470,460
1480,471
1490,467
1502,438
1512,413
1522,389
1532,367
1543,346
1553,370
1564,396
1574,417
1585,431
1595,412
1605,384
1615,359
1626,335
1637,313
1647,295
1657,277
1668,312
1678,346
1688,369
1699,338
1710,315
1720,292
1730,275
1740,259
1751,242
1761,229
1772,237
1782,281
1793,306
1803,286
1813,268
1823,255
1835,243
1845,233
1855,224
1865,215
1875,208
1886,267
1897,310
1907,294
1917,282
1928,273
1938,266
1948,260
1958,254
1970,248
1980,256
1990,307
2000,346
2011,360
2021,347
2032,336
2042,329
2053,321
2063,314
2073,307
2083,333
2094,372
2105,401
2115,424
2125,423
2136,407
2146,392
2156,379
2167,367
2178,357
2188,391
2198,421
2208,443
2219,459
2230,473
2240,459
2250,441
2260,424
2271,407
2281,398
2291,428
2302,450
2313,465
2323,479
2333,489
2343,489
2354,464
2365,441
2375,422
2385,403
2396,429
2406,449
2416,464
2426,475
2438,483
2448,484
2458,458
2468,435
2479,413
2489,392
2500,399
2510,421
2521,438
2531,450
2541,461
2551,454
2563,426
2573,402
2583,379
2593,358
2604,338
2614,358
2624,382
2635,402
2646,416
2656,395
2666,369
2676,346
2686,324
2698,304
2708,286
2718,269
2728,303
2739,333
2749,354
2759,327
2770,304
2781,284
2791,265
2801,249
2811,235
2822,222
2833,231
2843,278
2853,303
2864,283
2874,267
2884,253
2895,240
2906,230
2916,221
2926,214
2936,207
2947,270
2957,312
2968,296
2978,286
2989,278
2999,270
3009,263
3019,257
3031,252
3041,263
3051,313
3061,353
3072,371
3082,357
3092,345
3103,333
3113,325
3124,316
3134,309
3144,335
3154,374
3166,402
3176,423
3186,427
3196,408
3207,393
3217,380
3228,367
3238,354
3249,389
3259,417
3269,437
3279,453
3290,466
3301,454
3311,435
3321,417
3332,400
3342,392
3352,421
3363,442
3374,456
3384,468
3394,478
3404,477
3415,452
3425,432
3436,413
3446,395
3457,420
3467,439
3477,453
3487,464
3499,473
3509,474
3519,447
3529,423
3539,401
3550,381
3561,384
3571,409
3581,424
3592,437
3602,448
3612,439
3622,411
3634,385
3644,363
3654,341
3664,322
3675,336
3685,364
3696,384
3706,400
3717,377
3727,352
3737,328
3747,308
3758,290
3769,271
3779,255
3789,287
3800,322
3810,339
3820,312
3831,291
3842,273
3852,255
3862,240
3872,227
3883,216
3894,224
3904,271
3914,294
3924,275
3935,259
3945,246
3955,234
3966,223
3977,215
3987,208
3997,208
4007,260
4018,299
4029,288
4039,277
4049,269
4060,263
4070,257
4080,250
4090,244
4102,258
4112,304
4122,339
4132,357
4143,344
4153,333
4164,324
4174,316
4185,308
4195,302
4205,331
4215,363
4227,388
4237,408
4247,413
4257,395
4268,382
4278,369
4288,357
4299,346
4310,383
4320,409
4330,428
4340,443
4350,455
4362,444
4372,423
4382,407
4392,390
4403,382
4413,410
4423,430
4434,446
4445,456
4455,465
4465,462
4475,437
4486,416
4497,396
4507,378
4517,403
4528,421
4538,435
4548,445
4559,453
4570,451
4580,424
4590,401
4600,381
4611,362
4621,362
4632,385
4642,400
4653,413
4663,423
4673,410
4683,384
4695,361
4705,340
4715,320
4725,302
4736,312
4746,339
4756,360
4767,375
4777,350
4788,326
4798,305
4808,286
4818,268
4830,251
4840,236
4850,264
4860,298
4871,312
4881,287
4892,266
4902,250
4913,236
4923,223
4933,212
4943,202
4954,204
4965,255
4975,280
4985,262
4996,248
5006,237
5016,228
5027,219
5038,212
5048,208
5058,212
5068,263
5079,302
5089,295
5100,284
5110,275
5121,267
5131,261
5141,254
5151,249
5163,266
5173,311
5183,344
5193,366
5203,351
5214,339
5225,328
5235,318
5245,312
5256,304
5266,335
5276,369
5286,394
5298,414
5308,420
5318,403
5328,386
5339,373
5349,361
5360,353
5370,386
5381,411
5391,429
5401,442
5411,452
5422,442
5433,422
5443,404
5453,388
5464,380
5474,405
5484,424
5495,438
5506,449
5516,459
5526,456
5536,432
5547,410
5558,390
5568,372
5578,395
5588,413
5599,426
5609,438
5619,446
5630,440
5641,414
5651,388
5661,368
5671,349
5682,344
5693,369
5703,388
5713,402
5724,414
5734,399
5744,374
5754,349
5766,327
5776,307
5786,289
5796,295
5807,322
5817,344
5828,363
5838,336
5849,314
5859,292
5869,273
5879,256
5891,240
5901,224
5911,248
5921,282
5932,295
5942,274
5952,256
5963,240
5974,228
5984,215
5994,204
6004,194
6014,200
6026,247
6036,271
6046,255
6056,243
6067,234
6077,226
6087,220
6098,214
6109,209
6119,216
6129,268
6139,305
6150,300
6161,288
6171,280
6181,273
6192,266
6202,260
6212,255
6223,275
6234,319
6244,351
6254,376
6264,358
6275,346
6285,336
6296,326
6306,317
6317,309
6327,342
6337,375
6347,401
6359,421
6369,431
6379,410
6389,393
6400,378
6410,365
6420,357
6431,391
6441,414
6452,432
6462,446
6472,456
6482,448
6494,429
6504,410
6514,392
6524,385
6535,409
6545,426
6556,442
6566,452
6577,461
6587,459
6597,436
6607,415
6618,396
6629,376
6639,399
6649,416
6660,430
6670,441
6680,450
6691,442
6702,416
6712,393
6722,371
6732,353
6743,345
6753,371
6764,392
6774,406
6785,419
6795,401
6805,375
6815,352
6827,331
6837,310
6847,293
6857,294
6867,324
6878,350
6889,368
6899,337
6909,313
6920,291
6930,272
6940,256
6950,240
6962,225
6972,249
6982,288
6992,297
7003,276
7013,258
7024,243
7034,229
7045,217
7055,206
7065,198
7075,206
7086,255
7097,275
7107,261
7117,249
7128,239
7138,231
7148,225
7159,220
7170,214
7180,221
7190,273
7200,311
7211,306
7222,296
7232,288
7242,282
7252,276
7263,270
7273,264
7283,287
7294,331
7305,361
7315,385
7325,369
7335,355
7346,346
7357,337
7367,329
7377,320
7388,354
7398,386
7408,409
7418,426
7430,436
7440,419
7450,402
7460,386
7471,373
7481,369
7492,400
7502,423
7513,439
7523,453
7533,463
7543,456
7555,435
7565,416
7575,399
7585,392
7596,418
7606,437
7616,451
7627,463
7638,470
7648,467
7658,441
7668,419
7678,399
7690,379
7700,398
7710,417
7720,433
7731,443
7741,451
7751,443
7762,415
7773,391
7783,370
7793,351
7803,339
7814,368
7825,387
7835,403
7845,415
7856,390
7866,364
7876,342
7887,321
7898,303
7908,285
7918,285
7928,318
7939,343
7949,357
7960,326
7970,304
7981,283
7991,265
8001,249
8011,234
8023,221
8033,245
8043,283
8053,296
8064,273
8074,255
8084,242
8095,229
8105,218
8116,209
8126,201
8136,211
8146,259
8158,285
8168,269
8178,257
8188,249
8199,241
8209,234
8220,228
8230,223
8241,238
8251,288
8261,327
8271,324
8282,313
8293,305
8303,299
8313,291
8324,284
8334,278
8344,308
8355,349
8366,381
8376,406
8386,393
8396,378
8407,365
8417,353
8428,341
8438,332
8449,370
8459,400
8469,422
8479,442
8491,455
8501,433
8511,415
8521,398
8531,383
8542,379
8553,410
8563,432
8573,447
8584,460
8594,472
8604,465
8614,444
8626,421
8636,404
8646,396
8656,421
8667,438
8677,450
8688,461
8698,470
8709,465
8719,441
8729,418
8739,398
8750,378
8761,398
8771,416
8781,431
8792,441
8802,451
8812,440
8823,414
8834,390
8844,368
8854,348
8864,333
8875,362
8886,385
8896,402
8906,414
8916,388
8927,361
8937,337
8947,316
8958,296
8969,278
8979,270
8989,309
8999,339
9010,348
9021,321
9031,297
9041,277
9052,260
9062,245
9072,232
9082,219
9094,241
9104,281
9114,293
9124,272
9135,256
9145,242
9156,230
9166,220
9177,211
9187,202
9197,211
9207,263
9219,290
9229,275
9239,265
9249,255
9260,246
9270,240
9280,232
9291,227
9302,245
9312,294
9322,331
9332,334
9342,322
9354,312
9364,304
9374,297
9384,289
9395,283
9405,314
9415,351
9426,381
9437,404
9447,394
9457,380
9467,367
9478,356
9489,345
9499,335
9509,372
9520,401
9530,422
9540,437
9551,450
9562,429
9572,413
9582,397
9592,382
9603,379
9613,408
9624,430
9634,443
9645,454
9655,463
9665,458
9675,436
9687,416
9697,398
9707,392
9717,417
9728,433
9738,446
9748,456
9759,463
9769,456
9780,432
9790,410
9800,389
9810,371
9822,391
9832,409
9842,423
9852,434
9863,443
9873,431
9884,404
9894,379
9905,358
9915,339
9925,321
9935,352
9946,377
9957,395
9967,407
9977,378
9988,353
9998,329
10008,308
10020,368
10032,268
10043,313
10054,315
10065,271
10077,323
10089,236
10100,273
10112,296
10123,238
10134,280
10145,209
10158,242
10169,285
10180,215
10191,254
10203,193
10214,228
10226,279
10237,206
10249,248
10260,221
10271,226
10284,280
10295,213
10306,259
10317,263
10329,245
10340,304
10352,232
10363,283
10375,308
10386,270
10397,334
10408,255
10421,311
10432,350
10443,294
10455,364
10466,322
10477,339
10489,392
10501,321
10512,395
10523,368
10534,363
10546,419
10558,339
10569,414
10580,405
10592,381
10603,444
10615,379
10627,425
10638,430
10649,390
10660,459
10672,408
10684,433
10695,446
10706,394
10718,469
10729,422
10740,429
10753,454
10764,387
10775,469
10786,429
10798,416
10809,452
10821,380
10832,447
10844,421
10855,396
10866,447
10877,369
10890,421
10901,412
10912,371
10924,434
10935,349
10946,388
10958,395
10970,340
10981,407
10992,328
11003,351
11016,374
11027,305
11038,360
11049,296
11061,311
11072,353
11084,271
11096,318
11107,273
11118,273
11129,330
11141,238
11153,277
11164,256
11175,240
11187,289
11198,212
11209,249
11222,254
11233,219
11244,263
11255,198
11267,233
11278,263
11290,212
11301,257
11313,198
11324,236
11335,285
11347,220
11359,270
11370,227
11381,255
11393,323
11404,242
11416,298
11427,284
11439,283
11450,361
11461,269
11472,330
11485,335
11496,310
11507,386
11518,292
11530,357
11541,379
11553,335
11565,416
11576,350
11587,379
11598,406
11610,351
11622,432
11633,389
11644,395
11656,434
11667,365
11678,445
11691,417
11702,404
11713,452
11724,386
11736,449
11748,435
11759,407
11770,462
11782,405
11793,444
11804,443
11816,399
11828,463
11839,409
11850,429
11862,442
11873,384
11885,460
11896,404
11908,408
11919,433
11930,363
11941,434
11954,392
11965,382
11976,423
11987,338
11999,403
12010,375
12022,350
12034,407
12045,307
12056,363
12067,355
12079,317
12091,378
12102,277
12113,322
12125,328
12136,277
12148,327
12160,242
12171,281
12182,310
12193,244
12205,287
12217,213
12228,247
12239,298
12251,218
12262,258
12273,211
12285,227
12297,276
12308,205
12319,242
12331,228
12342,219
12354,268
12365,202
12377,243
12388,256
12399,229
12410,282
12423,216
12434,263
12445,295
12456,249
12468,308
12480,243
12491,289
12503,335
12514,275
12525,338
12536,303
12549,315
12560,375
12571,298
12582,368
12594,355
12605,344
12617,408
12628,322
12640,393
12651,390
12662,361
12674,431
12686,369
12697,410
12708,421
12720,376
12731,450
12742,398
12754,415
12766,438
12777,381
12788,461
12800,417
12811,417
12823,448
12834,376
12846,452
12857,421
12868,403
12880,445
12892,379
12903,434
12914,417
12925,385
12937,439
12949,375
12960,413
12972,411
12983,367
12994,435
13005,363
13018,387
13029,401
13040,343
13051,411
13063,344
13074,358
13086,389
13097,314
13109,372
13120,323
13131,321
13143,368
13155,279
13166,327
13177,294
13189,283
13200,339
13212,245
13223,286
13235,275
13246,247
13257,293
13268,215
13281,251
13292,264
13303,220
13315,261
13326,196
13337,231
13349,269
13361,208
13372,249
13383,190
13394,226
13406,285
13418,211
13429,256
13441,223
13452,239
13463,299
13474,225
13487,276
13498,271
13509,261
13520,330
13532,251
13543,308
13555,323
13566,290
13578,361
13589,275
13600,335
13613,366
13624,316
13635,392
13646,340
13658,364
13669,402
13681,339
13692,418
13704,383
13715,383
13726,429
13737,355
13750,433
13761,414
13772,395
13784,449
13795,386
13806,443
13818,436
13830,400
13841,459
13852,406
13863,436
13875,442
13887,394
13898,466
13910,417
13921,429
13932,446
13944,384
13956,464
13967,414
13978,410
13989,441
14001,367
14013,441
14024,407
14035,388
14047,434
14058,344
14069,409
14082,390
14093,356
14104,416
14115,315
14127,370
14138,371
14150,322
14161,386
14173,283
14184,330
14195,347
14206,287
14219,339
14230,254
14241,291
14253,327
14264,253
14276,297
14287,243
14299,256
14310,312
14321,224
14332,261
14345,228
14356,230
14367,278
14379,205
14390,243
14401,239
14413,220
14425,267
14436,201
14447,239
14458,261
14470,223
14482,274
14493,211
14504,255
14516,299
14527,242
14538,299
14551,242
14562,280
14573,338
14584,267
14596,330
14607,304
14619,308
14630,376
14642,292
14653,359
14664,355
14676,334
14688,410
14699,315
14710,385
14722,393
14733,357
14745,436
14756,367
14768,403
14779,422
14790,371
14801,456
14814,405
14825,417
14836,446
14848,381
14859,465
14870,427
14882,419
14894,457
14905,390
14916,461
14927,436
14939,413
14951,463
14962,401
14973,449
14985,441
14996,402
15008,463
15020,403
15031,430
15042,436
15053,382
15065,457
15077,392
15088,405
15099,426
15111,359
15122,430
15133,372
15145,372
15157,410
15168,328
15179,389
15191,351
15202,338
15214,393
15225,297
15237,348
15248,326
15259,301
15270,362
15283,262
15294,305
15305,307
15316,265
15328,315
15339,230
15351,266
15363,289
15374,234
15385,275
15396,206
15409,239
15420,286
15431,213
15442,255
15454,194
15465,229
15477,283
15489,210
15500,255
15511,231
15522,235
15534,291
15546,220
15557,269
15568,272
15580,254
15591,318
15602,243
15614,296
15626,322
15637,281
15648,350
15660,275
15671,326
15683,364
15694,308
15706,380
15717,337
15728,353
15739,401
15752,332
15763,408
15774,383
15785,376
15797,432
15809,349
15820,427
15832,418
15843,393
15854,456
15865,391
15878,441
15889,443
15900,402
15911,470
15923,417
15934,441
15946,456
15958,403
15969,479
15980,434
15991,437
16003,463
16015,393
16026,479
16037,434
16049,424
16060,463
16071,381
16083,456
16095,430
16106,402
16117,453
16129,370
16141,423
16152,414
16163,373
16175,440
16186,348
16197,391
16209,398
16221,341
16232,407
16243,323
16254,351
16266,375
16278,305
16289,361
16301,293
16312,310
16323,353
16334,268
16347,313
16358,267
16369,270
16380,326
16392,235
16403,273
16415,256
16427,237
16438,284
16449,210
16460,246
16472,249
16484,217
16495,263
16506,198
16518,234
16529,264
16541,214
16552,261
16564,200
16575,241
16586,291
16598,226
16610,277
16621,234
16632,262
16644,327
16655,248
16666,306
16678,291
16690,289
16701,364
16712,273
16723,335
16735,341
16747,315
16758,400
16770,304
16781,366
16792,384
16803,340
16816,422
16827,357
16838,385
16849,413
16861,357
16873,439
16884,395
16896,398
16907,435
16918,366
16929,446
16942,418
16953,403
16964,448
16975,387
16987,446
16998,431
17010,401
17021,454
17033,399
17044,437
17055,437
17067,393
17079,457
17090,401
17101,420
17113,433
17124,375
17135,451
17147,395
17159,399
17170,424
17181,353
17192,424
17204,381
17216,371
17227,413
17239,327
17250,389
17261,360
17273,335
17285,394
17296,295
17307,347
17318,338
17330,302
17342,361
17353,263
17364,306
17376,313
17387,263
17398,312
17411,229
17422,267
17433,296
17444,232
17456,274
17467,204
17479,237
17490,289
17502,209
17513,247
17524,202
17536,221
17548,270
17559,201
17570,239
17582,227
17593,221
17605,272
17616,206
17628,248
17639,260
17650,232
17661,288
17674,221
17685,269
17696,302
17708,255
17719,317
17730,251
17742,294
17754,338
17765,279
17776,344
17787,311
17799,321
17811,379
17822,304
17833,373
17845,359
17856,346
17867,407
17880,323
17891,397
17902,395
17913,366
17925,434
17937,371
17948,410
17959,421
17971,377
17982,452
17993,402
18006,420
18017,442
18028,384
18039,464
18051,420
18062,418
18074,450
18085,377
18097,458
18108,426
18119,408
18130,450
18143,383
18154,439
18165,421
18177,390
18188,445
18199,375
18211,416
18223,415
18234,368
18245,436
18256,357
18268,384
18280,400
18291,339
18302,406
18314,338
18325,349
18337,381
18349,306
18360,361
18371,310
18382,310
18394,356
18406,269
18417,314
18428,282
18440,269
18451,323
18462,234
18475,272
18486,261
18497,235
18508,280
18520,206
18531,241
18543,258
18554,213
18566,252
18577,191
18588,224
18599,261
18612,201
18623,241
18634,185
18646,222
18657,279
18669,208
18680,252
18692,220
18703,237
18714,298
18725,224
18738,273
18749,270
18760,260
18771,328
18783,251
18794,308
18806,322
18818,291
18829,364
18840,285
18851,337
18863,366
18875,319
18886,398
18897,346
18909,370
18920,408
18931,347
18944,426
18955,392
18966,392
18977,441
18989,367
19000,445
19012,429
19023,407
19035,460
19046,397
19057,449
19069,442
19081,408
19092,469
19103,415
19115,446
19126,451
19138,400
19149,472
19161,423
19172,435
19183,455
19194,390
19207,473
19218,420
19229,416
19240,448
19252,369
19263,441
19275,407
19287,388
19298,434
19309,343
19320,407
19332,387
19344,354
19355,418
19366,312
19378,368
19389,369
19401,321
19412,384
19424,282
19435,328
19446,345
19458,284
19470,336
19481,248
19492,287
19504,325
19515,250
19526,294
19538,235
19550,255
19561,310
19572,225
19584,264
19595,229
19607,234
19618,283
19630,209
19641,247
19652,244
19663,224
19676,275
19687,208
19698,253
19709,279
19721,239
19732,297
19744,229
19756,277
19767,321
19778,262
19789,323
19802,269
19813,303
19824,363
19835,289
19847,355
19858,330
19870,331
19881,400
19893,313
19904,384
19915,381
19927,360
19939,436
19950,343
19961,413
19973,421
19984,382
19995,461
20007,395
20019,428
20030,448
20041,394
20052,479
20064,427
20076,436
20087,466
20099,398
20110,487
20121,442
20132,433
20145,472
20156,401
20167,474
20178,451
20190,426
20202,476
20213,411
20225,458
20236,449
20247,408
20258,470
20271,407
20282,434
20293,441
20304,386
20316,461
20327,392
20339,408
20350,427
20362,357
20373,426
20384,366
20396,368
20408,407
20419,322
20430,382
20442,344
20453,330
20464,382
20476,287
20488,334
20499,313
20510,289
20521,344
20534,250
20545,292
20556,292
20568,252
20579,299
20590,221
20602,255
20614,275
20625,222
20636,262
20647,197
20659,231
20671,278
20682,209
20694,250
20705,192
20716,226
20727,282
20740,211
20751,257
20762,236
20773,242
20785,304
20796,230
20808,280
20819,284
20831,265
20842,333
20853,253
20866,310
20877,336
20888,296
20899,372
20911,296
20922,347
20934,389
20945,328
20957,406
20968,362
20979,377
20990,426
21003,354
21014,435
21025,410
21037,402
21048,460
21059,374
21071,458
21083,450
21094,422
21105,486
21116,421
21128,468
21140,470
21151,426
21163,498
21174,444
21185,470
21196,485
21209,427
21220,508
21231,459
21242,462
21254,489
21266,415
21277,501
21288,457
21300,445
21311,487
21322,400
21335,479
21346,454
21357,424
21368,484
21380,389
21391,452
21403,442
21414,397
21426,471
21437,366
21448,417
21459,431
21472,367
21483,437
21494,340
21506,375
21517,403
21528,325
21540,386
21552,309
21563,335
21574,385
21585,290
21598,342
21609,294
21620,295
21632,356
21643,256
21654,301
21666,280
21678,262
21689,317
21700,235
21711,279
21723,285
21735,251
21746,304
21757,228
21769,274
21780,309
21791,250
21804,308
21815,236
21826,285
21837,345
21849,268
21860,331
21872,282
21883,310
21895,387
21906,295
21917,364
21928,344
21941,337
21952,420
21963,318
21975,389
21986,394
21998,364
22009,456
22021,351
22032,418
22043,437
22054,389
22067,483
22078,409
22089,439
22100,471
22112,407
22123,501
22135,451
22147,455
22158,495
22169,417
22180,507
22192,476
22204,457
22215,508
22226,439
22238,506
22249,489
22260,454
22273,514
22284,451
22295,491
22306,491
22318,439
22330,512
22341,453
22352,472
22364,487
22375,421
22386,507
22398,442
22410,446
22421,476
22432,395
22444,474
22455,424
22467,412
22478,461
22490,365
22501,433
22512,405
22523,376
22536,444
22547,328
22558,385
22569,376
22581,336
22592,402
22604,294
22616,344
22627,355
22638,298
22649,352
22661,259
22673,303
22684,341
22695,266