11,19
17,55
24,106
30,157
37,201
44,236
50,263
57,278
63,287
70,294
76,308
83,319
90,321
96,322
103,333
109,342
116,342
122,340
130,346
136,357
143,359
149,353
156,358
162,367
169,368
176,361
183,365
189,374
195,377
204,368
214,383
223,386
233,386
242,387
251,391
261,391
270,389
279,392
288,390
299,391
308,390
317,385
326,387
335,385
345,386
354,384
363,384
373,384
382,380
392,380
401,376
410,376
419,373
429,368
439,368
448,364
457,363
466,359
476,353
485,351
494,343
504,340
514,334
523,331
532,328
541,318
550,315
560,307
570,303
579,301
588,294
598,289
607,280
616,276
625,270
635,268
645,264
654,255
663,251
672,244
681,241
691,237
701,231
710,228
719,220
729,218
738,216
747,215
756,214
766,206
776,205
785,204
794,202
803,202
813,195
822,196
832,197
841,199
850,202
860,205
869,209
878,209
887,213
898,218
907,221
916,227
925,227
934,232
944,241
953,246
962,253
972,254
982,260
991,262
1000,268
1010,262
1020,265
1032,273
1042,278
1052,298
1062,319
1073,334
1083,338
1093,335
1104,326
1115,316
1125,313
1135,319
1145,331
1156,348
1167,370
1177,384
1187,388
1198,385
1208,376
1218,362
1228,356
1240,358
1250,365
1260,378
1270,396
1281,409
1291,413
1302,409
1312,399
1323,384
1333,372
1343,369
1353,373
1364,383
1375,398
1385,409
1395,411
1405,406
1416,394
1426,377
1437,361
1447,354
1458,353
1468,359
1478,370
1488,378
1500,378
1510,373
1520,361
1530,344
1541,324
1551,314
1562,312
1572,317
1583,328
1593,338
1603,340
1613,333
1624,320
1635,300
1645,280
1655,262
1666,255
1676,256
1686,265
1697,271
1708,276
1718,273
1728,261
1738,243
1748,228
1759,214
1770,205
1780,206
1790,216
1801,222
1811,227
1821,230
1832,222
1843,208
1853,198
1863,189
1873,182
1884,186
1894,199
1905,210
1915,221
1926,231
1936,231
1946,223
1956,217
1968,212
1978,208
1988,215
1998,231
2009,249
2019,266
2030,282
2040,285
2051,280
2061,273
2071,266
2081,265
2092,273
2103,288
2113,308
2123,330
2134,345
2144,350
2154,347
2165,337
2176,326
2186,323
2196,327
2206,338
2216,354
2227,375
2238,388
2248,392
2258,389
2269,381
2279,366
2289,361
2300,363
2311,370
2321,383
2331,401
2341,414
2352,417
2363,412
2373,402
2383,387
2394,375
2404,373
2414,378
2424,388
2436,403
2446,415
2456,416
2466,411
2477,400
2487,383
2498,367
2508,360
2519,361
2529,368
2539,381
2549,391
2561,392
2571,385
2581,371
2591,352
2601,331
2612,319
2622,317
2633,322
2643,333
2654,344
2664,345
2674,338
2684,323
2696,303
2706,283
2716,265
2726,257
2737,259
2747,268
2757,275
2768,281
2779,277
2789,265
2799,245
2809,229
2820,214
2831,201
2841,202
2851,212
2862,220
2872,227
2882,234
2893,228
2904,215
2914,204
2924,196
2934,189
2945,193
2955,207
2966,220
2976,232
2987,244
2997,244
3007,236
3017,229
3028,223
3039,218
3049,225
3059,241
3069,263
3080,282
3090,300
3101,304
3111,301
3122,290
3132,283
3142,283
3152,292
3164,307
3174,327
3184,350
3194,364
3205,369
3215,365
3225,356
3236,343
3247,340
3257,345
3267,355
3277,371
3288,392
3299,403
3309,406
3319,402
3330,392
3340,377
3350,370
3361,372
3372,380
3382,394
3392,412
3402,426
3412,429
3423,425
3434,414
3444,398
3454,386
3465,384
3475,388
3485,400
3496,416
3507,428
3517,430
3527,424
3537,411
3548,392
3559,374
3569,366
3579,367
3590,375
3600,388
3610,399
3620,400
3632,393
3642,379
3652,359
3662,337
3673,324
3683,320
3694,325
3704,337
3715,347
3725,350
3735,344
3745,329
3756,307
3767,287
3777,268
3787,259
3798,260
3808,270
3818,278
3829,285
3840,284
3850,273
3860,254
3870,239
3880,225
3891,212
3902,214
3912,225
3922,233
3933,240
3943,247
3953,241
3964,227
3975,217
3985,209
3995,202
4005,208
4016,224
4027,238
4037,251
4047,264
4058,265
4068,256
4078,249
4088,243
4100,241
4110,249
4120,266
4130,289
4141,308
4151,323
4162,327
4172,323
4183,312
4193,303
4203,301
4213,308
4224,321
4235,340
4245,366
4255,380
4265,385
4276,384
4286,375
4297,360
4307,357
4318,361
4328,371
4338,386
4348,407
4360,419
4370,422
4380,418
4390,409
4401,394
4411,388
4421,389
4432,397
4443,410
4453,428
4463,440
4473,442
4484,436
4495,424
4505,408
4515,394
4526,391
4536,396
4546,407
4556,422
4568,435
4578,436
4588,429
4598,415
4609,396
4619,376
4630,368
4640,369
4651,376
4661,389
4671,400
4681,400
4692,392
4703,376
4713,354
4723,332
4733,317
4744,313
4754,318
4765,330
4775,340
4786,343
4796,336
4806,321
4816,299
4828,278
4838,260
4848,251
4858,253
4869,263
4879,271
4889,278
4900,276
4911,266
4921,247
4931,233
4941,221
4952,210
4963,214
4973,228
4983,238
4994,247
5004,255
5014,249
5025,233
5036,223
5046,214
5056,207
5066,214
5076,230
5087,247
5098,261
5108,276
5118,276
5129,268
5139,260
5149,253
5160,251
5171,260
5181,276
5191,300
5201,321
5212,336
5222,340
5233,336
5243,324
5254,314
5264,313
5274,320
5284,334
5296,354
5306,379
5316,394
5326,399
5337,396
5347,387
5358,372
5368,370
5379,375
5389,385
5399,401
5409,422
5420,433
5431,435
5441,429
5451,418
5462,401
5472,394
5482,394
5493,401
5504,414
5514,432
5524,444
5534,447
5544,442
5556,431
5566,414
5576,401
5586,397
5597,399
5607,408
5617,421
5628,429
5639,429
5649,421
5659,408
5669,389
5680,371
5691,363
5701,363
5711,369
5722,382
5732,392
5742,392
5752,385
5764,370
5774,349
5784,328
5794,313
5805,308
5815,312
5826,324
5836,334
5847,338
5857,331
5867,316
5877,293
5888,272
5899,254
5909,244
5919,246
5929,257
5940,264
5950,270
5961,268
5971,257
5982,238
5992,224
6002,212
6012,201
6024,205
6034,216
6044,225
6054,234
6065,242
6075,238
6085,227
6096,219
6107,212
6117,206
6127,214
6137,230
6148,246
6159,262
6169,277
6179,279
6190,272
6200,265
6210,259
6220,257
6232,266
6242,283
6252,306
6262,327
6273,341
6283,345
6294,340
6304,329
6315,319
6325,318
6335,324
6345,337
6356,356
6367,380
6377,393
6387,398
6397,395
6408,386
6418,371
6429,368
6439,373
6450,383
6460,398
6470,418
6480,430
6492,433
6502,430
6512,420
6522,405
6533,397
6543,397
6554,403
6564,414
6575,430
6585,439
6595,440
6605,435
6616,423
6627,405
6637,392
6647,387
6658,388
6668,397
6678,411
6689,420
6700,420
6710,413
6720,399
6730,380
6740,358
6751,348
6762,346
6772,352
6782,364
6793,376
6803,377
6813,369
6824,355
6835,334
6845,314
6855,299
6865,295
6876,300
6886,312
6897,321
6907,325
6918,318
6928,303
6938,281
6948,261
6960,244
6970,235
6980,237
6990,246
7001,253
7011,259
7022,258
7032,247
7043,231
7053,218
7063,206
7073,196
7084,201
7095,213
7105,223
7115,233
7126,242
7136,238
7146,227
7157,218
7168,211
7178,204
7188,212
7198,228
7208,245
7219,260
7230,275
7240,277
7250,270
7261,263
7271,257
7281,256
7292,265
7303,281
7313,303
7323,322
7333,336
7344,339
7355,334
7365,323
7375,314
7386,313
7396,321
7406,336
7416,356
7428,381
7438,394
7448,399
7458,395
7469,386
7479,370
7490,366
7500,369
7511,379
7521,394
7531,414
7541,425
7552,428
7563,424
7573,414
7583,398
7593,390
7604,390
7614,395
7625,406
7635,422
7646,433
7656,433
7666,426
7676,413
7688,395
7698,380
7708,376
7718,378
7729,387
7739,401
7749,409
7760,409
7771,401
7781,387
7791,368
7801,347
7812,338
7823,337
7833,343
7843,356
7854,368
7864,369
7874,361
7884,346
7896,325
7906,304
7916,286
7926,280
7937,283
7947,294
7958,301
7968,307
7979,301
7989,286
7999,265
8009,247
8020,231
8031,224
8041,227
8051,235
8061,242
8072,248
8082,247
8093,237
8103,222
8114,210
8124,199
8134,190
8144,195
8156,208
8166,218
8176,228
8186,238
8197,235
8207,225
8217,218
8228,212
8239,207
8249,215
8259,231
8269,248
8280,264
8291,280
8301,283
8311,277
8322,271
8332,265
8342,265
8353,274
8364,289
8374,310
8384,329
8394,342
8404,345
8415,341
8426,331
8436,322
8446,321
8457,329
8467,341
8477,358
8488,379
8499,389
8509,389
8519,383
8529,372
8540,357
8550,353
8561,358
8571,368
8582,383
8592,403
8602,413
8612,416
8624,412
8634,402
8644,387
8654,379
8665,378
8675,383
8686,393
8696,408
8707,415
8717,415
8727,409
8737,398
8748,381
8759,369
8769,365
8779,368
8790,375
8800,387
8810,394
8821,392
8832,383
8842,369
8852,350
8862,330
8872,321
8884,320
8894,325
8904,337
8914,347
8925,347
8935,339
8945,324
8956,304
8967,286
8977,269
8987,264
8997,268
9008,279
9019,285
9029,291
9039,285
9050,271
9060,250
9070,234
9080,219
9092,213
9102,216
9112,224
9122,231
9133,237
9143,236
9154,226
9164,213
9175,203
9185,193
9195,185
9205,191
9217,205
9227,215
9237,226
9247,235
9257,232
9268,221
9278,214
9289,208
9299,207
9310,216
9320,233
9330,251
9340,269
9352,281
9362,283
9372,277
9382,270
9393,263
9403,263
9413,272
9424,288
9435,309
9445,329
9455,341
9465,344
9476,339
9487,328
9497,318
9507,316
9518,321
9528,331
9538,346
9548,364
9560,372
9570,374
9580,370
9590,361
9601,348
9611,347
9622,353
9632,363
9643,378
9653,397
9663,407
9673,408
9684,403
9695,391
9705,375
9715,367
9725,367
9736,373
9746,385
9757,400
9767,407
9778,406
9788,399
9798,386
9808,369
9820,356
9830,352
9840,355
9850,363
9861,377
9871,384
9881,383
9892,375
9903,361
9913,342
9923,322
9933,312
9944,311
9955,316
9965,328
9975,339
9986,339
9996,332
10006,318
10018,313
10030,294
10041,286
10052,282
10063,274
10075,263
10087,257
10098,250
10109,246
10121,240
10132,232
10143,227
10156,221
10167,219
10178,215
10189,210
10201,207
10212,204
10224,203
10235,201
10247,200
10258,204
10269,203
10281,203
10293,204
10304,206
10315,213
10327,216
10338,220
10350,223
10361,227
10373,235
10384,239
10395,244
10406,248
10419,253
10430,261
10441,266
10452,273
10464,285
10475,291
10487,299
10499,303
10510,308
10521,316
10532,321
10544,327
10556,331
10567,335
10578,342
10590,345
10601,350
10612,357
10625,360
10636,365
10647,366
10658,369
10670,374
10682,375
10693,378
10704,379
10716,381
10727,385
10738,385
10750,386
10762,386
10773,386
10784,388
10796,386
10807,385
10819,383
10830,378
10842,377
10853,373
10864,373
10875,373
10888,369
10899,367
10910,363
10921,360
10933,356
10944,350
10956,347
10968,342
10979,337
10990,333
11001,326
11014,322
11025,315
11036,307
11047,301
11059,294
11070,291
11082,284
11094,276
11105,270
11116,263
11127,259
11139,252
11151,245
11162,241
11173,235
11185,226
11196,221
11207,215
11219,213
11231,208
11242,203
11253,200
11265,198
11276,200
11288,199
11299,198
11311,197
11322,197
11333,201
11344,203
11357,205
11368,207
11379,209
11390,214
11402,217
11414,221
11425,233
11437,239
11448,246
11459,252
11470,258
11483,267
11494,272
11505,279
11516,283
11528,288
11539,295
11551,300
11563,306
11574,317
11585,323
11596,330
11608,334
11620,337
11631,345
11642,349
11654,353
11665,355
11676,357
11688,362
11700,364
11711,369
11722,374
11734,375
11745,379
11757,379
11768,380
11780,383
11791,381
11802,383
11814,382
11826,383
11837,384
11848,382
11859,381
11871,378
11883,377
11894,375
11906,370
11917,369
11928,366
11939,362
11952,361
11963,356
11974,354
11985,349
11997,342
12008,337
12020,331
12032,328
12043,322
12054,316
12065,311
12077,305
12089,298
12100,292
12111,283
12123,279
12134,272
12146,264
12157,258
12169,250
12180,246
12191,240
12203,232
12215,226
12226,220
12237,218
12249,213
12260,207
12271,204
12283,199
12295,195
12306,192
12317,190
12328,196
12340,195
12352,194
12363,194
12375,194
12386,199
12397,201
12408,204
12421,207
12432,212
12443,220
12454,224
12466,229
12478,232
12489,237
12500,243
12512,248
12523,254
12534,266
12547,272
12558,281
12569,286
12580,292
12592,302
12603,306
12615,312
12626,316
12638,322
12649,329
12660,334
12672,339
12684,347
12695,350
12706,355
12718,357
12729,360
12740,365
12752,367
12764,370
12775,371
12786,373
12797,377
12809,377
12821,379
12832,379
12844,380
12855,381
12866,380
12878,381
12890,383
12901,378
12912,378
12923,375
12935,374
12947,372
12958,368
12969,367
12981,364
12992,363
13003,361
13016,356
13027,353
13038,348
13049,342
13061,338
13072,332
13084,329
13095,323
13107,315
13118,311
13129,304
13140,299
13153,292
13164,283
13175,276
13187,269
13198,265
13209,259
13221,252
13233,248
13244,242
13255,231
13266,225
13279,218
13290,215
13301,209
13313,202
13324,197
13335,192
13347,192
13359,189
13370,187
13381,185
13392,185
13404,188
13416,188
13427,189
13438,194
13450,196
13461,201
13472,203
13485,206
13496,214
13507,218
13518,221
13530,225
13541,231
13553,240
13564,246
13576,252
13587,256
13598,260
13611,267
13622,271
13633,275
13644,285
13656,290
13667,296
13679,300
13690,305
13702,313
13713,316
13724,322
13735,325
13748,328
13759,333
13770,336
13782,339
13793,344
13804,345
13816,349
13828,351
13839,354
13850,358
13861,358
13873,360
13885,359
13896,360
13907,362
13919,361
13930,362
13941,361
13954,362
13965,363
13976,361
13987,361
13999,359
14011,354
14022,353
14033,348
14045,346
14056,341
14067,335
14080,331
14091,326
14102,323
14113,317
14125,310
14136,306
14148,299
14159,292
14171,285
14182,278
14193,273
14204,267
14217,260
14228,255
14239,248
14251,245
14262,239
14273,231
14285,229
14297,223
14308,220
14319,215
14330,209
14343,206
14354,201
14365,195
14376,191
14388,188
14399,189
14411,187
14423,184
14434,183
14445,182
14456,184
14468,184
14480,185
14491,186
14502,188
14514,194
14525,197
14536,201
14548,205
14560,209
14571,216
14582,220
14594,227
14605,239
14617,246
14628,254
14640,260
14651,267
14662,277
14674,284
14686,293
14697,299
14708,305
14720,312
14731,317
14743,321
14754,330
14766,332
14777,337
14788,340
14799,344
14812,350
14823,353
14834,358
14845,360
14857,363
14868,367
14880,368
14892,370
14903,370
14914,368
14925,371
14937,371
14949,372
14960,377
14971,375
14983,375
14994,372
15005,371
15017,371
15029,368
15040,368
15051,365
15063,365
15075,363
15086,358
15097,356
15109,351
15120,345
15131,342
15143,336
15155,333
15166,328
15177,321
15188,317
15200,311
15212,307
15223,302
15235,294
15246,289
15257,282
15268,278
15281,272
15292,264
15303,260
15314,253
15326,243
15337,237
15349,231
15361,228
15372,223
15383,216
15394,211
15406,206
15418,205
15429,201
15440,198
15452,196
15463,194
15475,193
15486,192
15498,191
15509,197
15520,197
15532,198
15544,200
15555,202
15566,210
15578,214
15589,219
15600,223
15612,227
15624,234
15635,238
15646,244
15657,248
15669,254
15681,263
15692,269
15704,275
15715,287
15726,292
15737,298
15750,302
15761,306
15772,314
15783,318
15795,323
15807,327
15818,330
15830,336
15841,339
15852,343
15863,350
15876,352
15887,356
15898,358
15909,361
15921,366
15932,368
15944,370
15955,371
15967,371
15978,372
15989,369
16001,368
16013,365
16024,365
16035,365
16047,365
16058,366
16069,365
16081,362
16093,361
16104,356
16115,354
16126,349
16139,344
16150,342
16161,337
16173,335
16184,334
16195,328
16207,324
16219,317
16230,310
16241,305
16252,298
16264,294
16276,288
16287,281
16299,276
16310,269
16321,266
16332,260
16345,253
16356,250
16367,244
16378,241
16390,236
16401,229
16413,226
16424,220
16436,211
16447,206
16458,202
16470,201
16482,198
16493,196
16504,194
16516,192
16527,194
16539,194
16550,193
16562,193
16573,195
16584,200
16595,202
16608,205
16619,211
16630,215
16642,221
16653,225
16664,230
16676,239
16688,244
16699,251
16710,256
16721,262
16733,271
16745,276
16756,283
16768,288
16779,293
16790,301
16801,306
16814,311
16825,322
16836,326
16847,333
16859,337
16870,343
16882,351
16893,354
16905,358
16916,360
16927,360
16940,364
16951,365
16962,368
16973,372
16985,373
16996,377
17008,378
17019,380
17031,383
17042,382
17053,382
17064,380
17077,380
17088,381
17099,379
17111,380
17122,378
17133,377
17145,376
17157,372
17168,369
17179,364
17190,358
17202,354
17214,349
17225,347
17236,342
17248,335
17259,331
17271,325
17283,321
17294,315
17305,308
17316,303
17328,297
17340,290
17351,285
17362,278
17374,274
17385,267
17396,257
17409,250
17420,242
17431,238
17442,232
17454,225
17465,221
17477,215
17488,214
17500,209
17511,204
17522,201
17533,197
17546,193
17557,191
17568,189
17580,196
17591,197
17603,197
17614,198
17626,200
17637,205
17648,208
17659,211
17672,213
17683,217
17694,224
17705,229
17717,235
17728,239
17740,245
17752,252
17763,257
17774,262
17785,274
17797,278
17809,285
17820,289
17831,293
17843,301
17854,306
17865,310
17878,314
17889,317
17900,322
17911,325
17923,329
17934,337
17946,339
17957,344
17969,346
17980,348
17991,353
18003,353
18015,355
18026,355
18037,356
18049,359
18060,359
18072,361
18083,360
18095,362
18106,363
18117,361
18128,361
18141,363
18152,357
18163,356
18174,353
18186,353
18197,351
18209,347
18221,346
18232,341
18243,338
18254,335
18266,330
18278,327
18289,322
18300,316
18312,312
18323,306
18335,302
18347,296
18358,287
18369,282
18380,275
18392,271
18404,265
18415,257
18426,253
18438,245
18449,241
18460,235
18472,228
18484,225
18495,220
18506,210
18518,206
18529,201
18541,199
18552,195
18564,190
18575,187
18586,185
18597,186
18610,185
18621,185
18632,184
18643,185
18655,188
18666,188
18678,190
18690,195
18701,198
18712,203
18723,206
18736,210
18747,218
18758,222
18769,225
18781,229
18792,235
18804,243
18816,249
18827,256
18838,262
18849,268
18861,276
18873,281
18884,286
18895,297
18907,302
18918,308
18929,313
18941,317
18953,324
18964,328
18975,333
18987,336
18998,339
19010,344
19021,347
19033,350
19044,356
19055,358
19066,362
19079,363
19090,365
19101,369
19112,368
19124,370
19136,369
19147,370
19159,371
19170,370
19181,370
19192,369
19205,369
19216,368
19227,365
19238,364
19250,360
19261,354
19273,352
19284,347
19296,344
19307,340
19318,334
19330,331
19342,326
19353,323
19364,318
19376,310
19387,306
19398,300
19410,293
19422,288
19433,281
19444,277
19456,270
19468,262
19479,256
19490,249
19502,245
19513,238
19524,230
19536,225
19548,218
19559,215
19570,210
19581,204
19593,205
19605,201
19616,194
19628,192
19639,190
19650,192
19661,191
19674,189
19685,188
19696,188
19707,192
19719,193
19730,196
19742,198
19753,202
19765,209
19776,213
19787,217
19800,220
19811,224
19822,230
19833,234
19845,240
19856,253
19868,258
19879,265
19891,269
19902,274
19913,282
19924,287
19937,293
19948,297
19959,302
19971,309
19982,313
19993,318
20005,328
20017,331
20028,336
20039,339
20050,342
20062,348
20074,350
20085,354
20097,356
20108,358
20119,362
20130,363
20143,366
20154,366
20165,364
20176,366
20188,365
20200,366
20211,370
20222,368
20234,368
20245,366
20256,366
20269,364
20280,361
20291,359
20302,355
20314,353
20325,350
20337,345
20348,342
20360,338
20371,331
20382,328
20393,322
20406,319
20417,313
20428,306
20440,302
20451,296
20462,292
20474,286
20486,278
20497,274
20508,268
20519,262
20531,256
20543,248
20554,244
20566,237
20577,229
20588,223
20600,216
20612,214
20623,209
20634,203
20645,199
20657,195
20669,194
20680,192
20691,189
20703,188
20714,186
20725,189
20738,188
20749,189
20760,196
20771,198
20783,198
20794,200
20806,203
20817,210
20829,214
20840,218
20851,222
20862,228
20875,237
20886,242
20897,249
20909,254
20920,259
20932,267
20943,271
20955,277
20966,289
20977,295
20988,302
21001,308
21012,313
21023,321
21035,325
21046,329
21057,332
21069,334
21081,340
21092,343
21103,348
21114,355
21126,358
21138,362
21149,363
21160,364
21172,367
21183,366
21194,366
21207,364
21218,364
21229,365
21240,364
21252,365
21264,363
21275,363
21286,362
21298,358
21309,357
21320,354
21332,348
21344,347
21355,343
21366,341
21378,337
21389,332
21401,330
21412,325
21424,323
21435,318
21446,311
21457,307
21470,301
21481,293
21492,290
21504,283
21515,277
21526,270
21538,260
21550,254
21561,246
21572,242
21583,236
21595,230
21607,227
21618,222
21629,220
21641,216
21652,209
21664,206
21676,202
21687,194
21698,192
21709,189
21721,191
21733,189
21744,187
21755,185
21767,183
21778,185
21789,184
21801,184
21813,185
21824,186
21835,191
21847,194
21858,198
21870,205
21881,209
21893,215
21904,220
21915,225
21926,234
21939,239
21950,246
21961,250
21972,255
21984,265
21996,270
22007,278
22019,284
22030,291
22041,298
22052,303
22065,307
22076,316
22087,319
22098,323
22110,325
22121,329
22133,336
22145,340
22156,346
22167,349
22178,350
22190,355
22202,356
22213,359
22224,362
22236,362
22247,364
22258,363
22270,364
22282,366
22293,364
22304,365
22316,363
22327,363
22339,363
22350,360
22362,359
22373,357
22384,356
22396,355
22408,352
22419,350
22430,347
22441,341
22453,338
22465,333
22476,330
22488,325
22499,317
22510,314
22521,307
22534,304
22545,298
22556,290
22567,285
22579,278
22590,270
22602,263
22614,255
22625,251
22636,245
22647,237
22659,232
22671,226
22682,223
22693,217