11,22
17,52
24,92
30,130
37,166
44,201
50,244
57,290
63,331
70,363
76,391
83,409
90,415
96,418
103,425
109,439
116,443
122,441
130,443
136,455
143,461
149,456
156,456
162,465
169,473
176,469
183,467
189,474
195,482
203,484
212,478
222,486
232,489
241,486
250,487
260,485
269,492
278,489
287,486
297,485
307,486
316,487
325,485
334,488
344,487
353,489
362,487
372,483
381,485
391,481
400,482
409,479
418,475
428,476
438,470
447,470
456,466
465,464
475,463
484,454
493,453
503,447
513,444
522,440
531,432
540,429
549,420
559,417
569,411
578,406
587,402
596,389
606,385
615,377
624,373
634,369
644,359
653,355
662,344
671,341
680,337
690,333
700,330
709,318
718,314
728,311
737,308
746,305
755,295
765,293
775,287
784,286
793,285
802,282
812,282
821,275
831,276
840,278
849,279
859,282
868,277
877,279
886,284
897,287
906,293
915,291
924,296
933,299
943,305
952,313
961,316
971,323
980,325
990,332
999,342
1008,348
1018,348
1030,351
1040,364
1050,371
1060,388
1071,396
1081,402
1091,409
1102,405
1113,411
1123,420
1133,426
1143,430
1154,434
1165,439
1175,445
1185,451
1196,455
1206,460
1216,464
1226,469
1238,472
1248,475
1258,478
1268,480
1278,484
1289,487
1300,489
1310,491
1320,493
1331,494
1341,494
1351,495
1362,495
1373,495
1383,495
1393,495
1403,495
1414,494
1424,494
1435,491
1445,488
1456,486
1466,483
1476,481
1486,479
1498,476
1508,473
1518,470
1528,467
1539,461
1549,454
1559,449
1570,444
1581,440
1591,434
1601,428
1611,422
1622,417
1633,411
1643,406
1653,397
1664,388
1674,381
1684,375
1695,367
1705,360
1716,354
1726,347
1736,341
1746,336
1757,330
1768,321
1778,314
1788,308
1799,303
1809,298
1819,295
1830,292
1841,289
1851,287
1861,286
1871,285
1882,283
1892,282
1903,283
1913,284
1924,285
1934,287
1944,290
1954,292
1966,295
1976,299
1986,303
1996,306
2007,314
2017,321
2028,328
2038,335
2049,342
2059,348
2069,355
2079,363
2089,370
2101,376
2111,381
2121,389
2131,396
2142,403
2152,409
2163,415
2173,420
2184,427
2194,432
2204,436
2214,440
2225,444
2236,449
2246,454
2256,458
2267,462
2277,465
2287,469
2298,472
2309,474
2319,476
2329,477
2339,480
2350,482
2361,483
2371,484
2381,485
2392,486
2402,486
2412,486
2422,486
2434,486
2444,486
2454,486
2464,485
2475,484
2485,483
2496,480
2506,477
2516,474
2527,471
2537,469
2547,467
2557,464
2569,461
2579,458
2589,455
2599,451
2610,444
2620,439
2631,435
2641,431
2652,425
2662,420
2672,415
2682,410
2693,405
2704,400
2714,392
2724,383
2735,377
2745,371
2755,365
2766,358
2777,353
2787,347
2797,342
2807,337
2818,333
2829,324
2839,318
2849,313
2860,308
2870,304
2880,301
2890,298
2902,296
2912,295
2922,294
2932,293
2942,292
2953,291
2964,293
2974,295
2984,297
2995,301
3005,304
3015,308
3026,312
3037,317
3047,322
3057,327
3067,335
3078,343
3088,350
3099,357
3109,364
3120,371
3130,377
3140,386
3150,393
3162,399
3172,404
3182,413
3192,421
3203,428
3213,434
3223,440
3234,446
3245,452
3255,457
3265,461
3275,464
3286,466
3297,471
3307,476
3317,480
3328,483
3338,487
3348,490
3359,493
3369,495
3380,497
3390,498
3400,501
3410,503
3421,504
3432,506
3442,507
3452,507
3463,506
3473,506
3483,506
3494,505
3505,504
3515,503
3525,502
3535,501
3546,499
3556,494
3567,491
3577,488
3588,485
3598,482
3608,479
3618,476
3630,473
3640,470
3650,466
3660,461
3671,454
3681,448
3692,443
3702,439
3713,433
3723,427
3733,421
3743,416
3753,410
3765,405
3775,396
3785,387
3795,380
3806,374
3816,366
3827,359
3837,353
3848,347
3858,341
3868,336
3878,331
3889,323
3900,316
3910,311
3920,307
3931,304
3941,302
3951,300
3962,298
3973,298
3983,298
3993,298
4003,298
4014,298
4025,301
4035,304
4045,308
4056,312
4066,316
4076,321
4086,325
4098,330
4108,336
4118,341
4128,350
4139,358
4149,365
4160,372
4170,379
4180,385
4191,390
4201,399
4211,405
4221,409
4233,413
4243,420
4253,427
4263,433
4274,438
4284,443
4295,448
4305,454
4316,458
4326,462
4336,465
4346,467
4358,472
4368,476
4378,480
4388,483
4399,486
4409,488
4419,490
4430,491
4441,491
4451,491
4461,492
4471,493
4482,493
4493,493
4503,493
4513,491
4524,490
4534,488
4544,487
4554,485
4566,484
4576,482
4586,480
4596,477
4606,475
4617,468
4628,462
4638,457
4648,452
4659,448
4669,442
4679,436
4690,431
4701,425
4711,420
4721,415
4731,406
4742,398
4752,392
4763,386
4773,379
4784,373
4794,366
4804,360
4814,355
4826,349
4836,342
4846,334
4856,327
4867,321
4877,315
4887,309
4898,303
4909,298
4919,294
4929,289
4939,286
4950,279
4961,273
4971,269
4981,266
4992,263
5002,261
5012,260
5023,259
5033,258
5044,259
5054,260
5064,260
5074,262
5085,265
5096,270
5106,274
5116,279
5127,284
5137,289
5147,294
5158,299
5169,305
5179,310
5189,318
5199,325
5210,333
5220,339
5231,346
5241,352
5252,358
5262,367
5272,373
5282,378
5294,383
5304,391
5314,398
5324,405
5335,411
5345,416
5356,422
5366,428
5377,433
5387,437
5397,440
5407,443
5417,448
5429,452
5439,456
5449,460
5459,463
5470,465
5480,467
5491,469
5501,470
5512,471
5522,473
5532,474
5542,476
5553,477
5564,477
5574,476
5584,476
5595,475
5605,474
5615,473
5626,472
5637,471
5647,468
5657,466
5667,464
5678,457
5689,452
5699,448
5709,444
5720,441
5730,436
5740,431
5750,427
5762,422
5772,417
5782,413
5792,403
5803,395
5813,389
5824,384
5834,377
5844,371
5855,365
5865,359
5875,353
5885,348
5897,342
5907,333
5917,326
5927,320
5938,313
5948,307
5959,301
5969,296
5980,291
5990,288
6000,284
6010,278
6022,274
6032,271
6042,269
6052,267
6063,266
6073,265
6083,265
6094,265
6105,266
6115,267
6125,268
6135,269
6146,273
6157,277
6167,282
6177,287
6188,292
6198,297
6208,302
6218,307
6230,313
6240,319
6250,327
6260,335
6270,343
6281,350
6292,356
6302,362
6312,368
6323,377
6333,383
6343,387
6354,390
6365,397
6375,402
6385,408
6395,413
6406,417
6416,421
6427,426
6437,429
6448,433
6458,436
6468,438
6478,442
6490,446
6500,449
6510,451
6520,454
6531,456
6541,457
6551,459
6562,459
6573,460
6583,461
6593,462
6603,462
6614,462
6625,462
6635,460
6645,459
6656,457
6666,455
6676,453
6687,451
6697,449
6708,446
6718,444
6728,441
6738,435
6749,429
6760,425
6770,420
6780,416
6791,410
6801,405
6811,400
6822,395
6833,390
6843,385
6853,375
6863,367
6874,360
6884,354
6895,347
6905,341
6916,334
6926,328
6936,323
6946,317
6958,312
6968,303
6978,296
6988,291
6999,285
7009,279
7020,274
7030,270
7041,266
7051,262
7061,260
7071,255
7081,251
7093,248
7103,246
7113,245
7123,245
7134,245
7144,245
7155,246
7165,248
7176,249
7186,251
7196,253
7206,258
7217,263
7228,268
7238,273
7248,278
7259,283
7269,289
7279,296
7290,302
7301,307
7311,315
7321,323
7331,330
7342,336
7353,343
7363,349
7373,355
7384,362
7394,368
7404,373
7414,377
7426,384
7436,391
7446,396
7456,402
7467,406
7477,410
7488,415
7498,419
7508,422
7519,425
7529,427
7539,430
7549,433
7561,436
7571,438
7581,440
7591,440
7602,441
7612,441
7623,441
7633,440
7644,441
7654,441
7664,441
7674,440
7686,440
7696,438
7706,436
7716,433
7727,431
7737,429
7747,427
7758,424
7769,421
7779,418
7789,415
7799,408
7810,402
7821,398
7831,393
7841,390
7852,383
7862,378
7872,373
7882,368
7894,363
7904,359
7914,349
7924,342
7934,336
7945,330
7956,323
7966,316
7976,310
7987,304
7997,297
8007,292
8018,286
8029,278
8039,271
8049,266
8059,260
8070,254
8080,250
8091,246
8101,243
8112,240
8122,238
8132,234
8142,231
8154,230
8164,229
8174,229
8184,229
8195,230
8205,231
8215,233
8226,235
8237,237
8247,240
8257,242
8267,247
8278,253
8289,258
8299,263
8309,268
8320,274
8330,279
8340,286
8351,292
8361,297
8372,303
8382,310
8392,317
8402,323
8413,329
8424,335
8434,340
8444,347
8455,353
8465,357
8475,361
8486,367
8497,373
8507,378
8517,383
8527,387
8538,391
8548,395
8559,398
8569,401
8580,403
8590,405
8600,409
8610,412
8622,414
8632,416
8642,418
8652,419
8663,420
8673,420
8684,420
8694,421
8705,421
8715,421
8725,421
8735,421
8745,420
8757,417
8767,415
8777,413
8787,411
8798,409
8808,406
8819,403
8829,400
8840,398
8850,395
8860,389
8870,383
8881,379
8892,375
8902,371
8912,366
8923,361
8933,356
8943,351
8954,346
8965,342
8975,333
8985,325
8995,319
9006,314
9017,307
9027,301
9037,295
9048,290
9058,284
9068,279
9078,275
9090,267
9100,261
9110,256
9120,251
9131,246
9141,242
9152,239
9162,236
9172,234
9183,233
9193,229
9203,227
9213,226
9225,226
9235,227
9245,228
9255,229
9266,231
9276,234
9287,236
9297,239
9308,242
9318,246
9328,252
9338,258
9350,263
9360,269
9370,275
9380,280
9391,286
9401,294
9411,300
9422,305
9433,312
9443,319
9453,326
9463,333
9474,339
9485,345
9495,350
9505,357
9516,363
9526,368
9536,373
9546,379
9558,386
9568,391
9578,397
9588,402
9598,406
9609,410
9620,414
9630,417
9640,419
9651,421
9661,426
9671,429
9682,431
9693,433
9703,434
9713,435
9723,436
9734,436
9744,436
9755,437
9765,437
9776,437
9786,437
9796,437
9806,436
9818,434
9828,432
9838,429
9848,427
9859,425
9869,421
9879,418
9890,415
9901,412
9911,408
9921,402
9931,396
9942,392
9953,388
9963,384
9973,379
9984,375
9994,370
10004,365
10016,370
10028,365
10039,362
10050,356
10061,344
10073,336
10085,321
10096,313
10107,309
10119,302
10130,293
10141,287
10153,280
10165,277
10176,272
10187,265
10199,261
10210,256
10222,256
10233,253
10245,249
10256,248
10267,246
10278,247
10291,246
10302,246
10313,252
10324,253
10336,255
10348,257
10359,260
10371,270
10382,274
10393,279
10404,283
10417,288
10428,298
10439,303
10450,309
10462,317
10473,323
10485,332
10497,336
10508,342
10519,353
10530,358
10542,365
10554,369
10565,374
10576,384
10588,388
10599,394
10610,399
10622,403
10634,410
10645,413
10656,418
10668,425
10679,427
10691,431
10702,433
10714,436
10725,441
10736,442
10748,444
10760,444
10771,446
10782,448
10793,447
10805,448
10817,446
10828,444
10840,444
10851,440
10862,439
10873,435
10886,430
10897,428
10908,423
10919,420
10931,416
10942,409
10954,406
10966,400
10977,397
10988,394
10999,387
11011,383
11023,376
11034,369
11045,365
11057,357
11068,353
11080,346
11091,336
11103,330
11114,322
11125,318
11137,311
11149,302
11160,298
11171,291
11183,285
11194,279
11205,271
11217,269
11229,263
11240,256
11251,252
11262,248
11274,249
11286,246
11297,243
11309,242
11320,241
11331,245
11342,245
11355,245
11366,246
11377,248
11388,254
11400,256
11411,260
11423,268
11435,272
11446,280
11457,284
11468,290
11481,302
11492,307
11503,315
11514,320
11526,326
11537,336
11549,341
11560,348
11572,356
11583,361
11594,369
11606,374
11618,380
11629,390
11640,395
11652,401
11663,405
11674,409
11686,417
11698,420
11709,425
11720,427
11731,429
11743,434
11755,435
11766,439
11778,442
11789,441
11800,445
11812,444
11824,446
11835,450
11846,449
11857,450
11869,449
11881,449
11892,450
11904,447
11915,447
11926,444
11937,442
11950,441
11961,436
11972,434
11983,429
11995,424
12006,421
12018,415
12029,413
12041,408
12052,400
12063,396
12075,390
12087,387
12098,381
12109,372
12121,368
12132,360
12143,353
12155,346
12167,338
12178,333
12189,325
12200,315
12213,308
12224,300
12235,296
12247,289
12258,281
12269,276
12281,269
12293,267
12304,263
12315,258
12326,258
12338,256
12350,254
12361,253
12372,252
12384,258
12395,259
12406,260
12419,261
12430,263
12441,272
12452,275
12464,279
12475,283
12487,287
12498,296
12510,301
12521,307
12532,316
12545,321
12556,330
12567,335
12578,341
12590,352
12601,358
12613,365
12624,370
12636,375
12647,385
12658,389
12669,395
12682,402
12693,406
12704,414
12716,417
12727,422
12738,430
12750,433
12762,438
12773,440
12784,443
12795,449
12807,450
12819,453
12830,454
12841,456
12853,459
12864,458
12875,460
12888,459
12899,457
12910,459
12921,456
12933,456
12945,456
12956,451
12967,450
12979,446
12990,444
13001,443
13014,437
13025,435
13036,429
13047,427
13059,423
13070,416
13082,413
13093,406
13105,400
13116,395
13127,388
13138,385
13151,379
13162,369
13173,364
13185,357
13196,353
13207,346
13219,337
13231,332
13242,324
13253,316
13264,309
13277,300
13288,297
13299,290
13310,281
13322,275
13333,268
13345,267
13357,263
13368,257
13379,254
13390,251
13402,253
13414,251
13425,250
13436,250
13448,250
13459,255
13470,256
13483,259
13494,266
13505,269
13516,276
13528,279
13539,284
13551,296
13562,301
13574,307
13585,312
13596,318
13608,328
13620,333
13631,339
13642,347
13654,353
13665,362
13677,367
13688,373
13700,383
13711,388
13722,394
13733,398
13746,402
13757,410
13768,413
13779,418
13791,421
13802,423
13814,428
13826,430
13837,433
13848,437
13859,438
13871,441
13883,441
13894,443
13905,447
13917,446
13928,448
13939,446
13952,447
13963,448
13974,445
13985,445
13997,442
14009,441
14020,440
14031,435
14043,434
14054,430
14065,425
14077,423
14089,418
14100,415
14111,410
14123,403
14134,399
14146,393
14157,390
14169,384
14180,376
14191,371
14202,364
14215,356
14226,349
14237,341
14248,336
14260,328
14271,318
14283,311
14295,303
14306,299
14317,292
14328,283
14340,279
14352,272
14363,268
14374,263
14386,257
14397,257
14409,253
14420,249
14432,246
14443,244
14454,248
14466,247
14478,246
14489,246
14500,247
14512,254
14523,256
14534,259
14546,262
14558,265
14569,273
14580,277
14592,283
14603,291
14615,296
14626,304
14638,309
14649,315
14660,328
14671,334
14684,342
14695,347
14706,353
14717,364
14729,370
14741,376
14752,383
14764,389
14775,396
14786,400
14797,405
14810,414
14821,417
14832,422
14843,425
14855,428
14866,434
14878,436
14889,440
14901,441
14912,442
14923,446
14935,445
14947,447
14958,448
14969,447
14981,449
14992,447
15003,447
15015,449
15027,445
15038,445
15049,442
15060,442
15072,441
15084,436
15095,435
15107,430
15118,428
15129,425
15141,419
15153,417
15164,412
15175,405
15186,402
15198,394
15210,391
15221,384
15233,375
15244,369
15255,361
15266,357
15279,349
15290,339
15301,334
15312,325
15324,317
15335,310
15347,301
15358,297
15370,290
15381,280
15392,274
15404,267
15416,265
15427,260
15438,254
15450,250
15461,246
15473,246
15484,243
15496,240
15507,240
15518,239
15529,240
15542,240
15553,240
15564,247
15576,249
15587,251
15598,254
15610,258
15622,268
15633,272
15644,278
15655,282
15667,287
15679,297
15690,302
15702,308
15713,317
15724,323
15735,331
15748,336
15759,342
15770,353
15781,357
15793,364
15804,368
15816,372
15827,380
15839,383
15850,388
15861,393
15874,396
15885,402
15896,405
15907,408
15919,414
15930,416
15942,420
15953,421
15965,423
15976,427
15987,427
15998,429
16011,429
16022,430
16033,432
16045,430
16056,431
16067,428
16079,427
16091,427
16102,423
16113,422
16124,419
16136,414
16148,412
16159,408
16171,406
16182,402
16193,396
16205,393
16217,387
16228,383
16239,378
16250,370
16262,366
16274,360
16285,352
16296,347
16308,339
16319,335
16330,328
16343,319
16354,315
16365,307
16376,304
16388,297
16399,289
16411,285
16422,279
16434,273
16445,268
16456,261
16467,259
16480,254
16491,248
16502,245
16514,241
16525,242
16536,240
16548,237
16560,236
16571,235
16582,240
16593,240
16606,241
16617,243
16628,245
16640,251
16651,255
16662,259
16674,268
16686,273
16697,280
16708,285
16719,291
16731,303
16743,309
16754,317
16765,322
16777,328
16788,337
16799,342
16812,349
16823,356
16834,361
16845,369
16857,373
16868,378
16880,388
16891,392
16903,398
16914,401
16925,405
16937,412
16949,415
16960,420
16971,421
16983,423
16994,427
17006,428
17017,431
17029,434
17040,432
17051,435
17062,434
17075,435
17086,438
17097,435
17108,436
17120,433
17131,433
17143,433
17155,429
17166,429
17177,425
17188,423
17200,421
17212,416
17223,414
17234,409
17246,403
17257,400
17269,393
17281,390
17292,384
17303,376
17314,372
17326,365
17338,361
17349,355
17360,347
17372,342
17383,335
17394,328
17406,321
17418,313
17429,309
17440,301
17452,291
17463,285
17475,277
17486,275
17498,269
17509,261
17520,257
17531,251
17544,249
17555,246
17566,241
17577,242
17589,239
17600,237
17612,236
17624,235
17635,241
17646,242
17657,242
17670,244
17681,246
17692,255
17703,258
17715,262
17726,266
17738,271
17750,279
17761,283
17772,289
17783,297
17795,302
17807,310
17818,315
17829,321
17841,332
17852,337
17863,345
17875,350
17887,355
17898,364
17909,369
17921,375
17932,381
17944,385
17955,391
17967,394
17978,398
17989,405
18000,407
18013,411
18024,412
18035,415
18046,419
18058,420
18070,422
18081,422
18093,423
18104,426
18115,425
18126,426
18139,425
18150,423
18161,424
18172,421
18184,421
18195,420
18207,415
18219,414
18230,410
18241,408
18252,407
18264,401
18276,398
18287,392
18298,389
18310,385
18321,377
18332,374
18344,367
18356,360
18367,355
18378,347
18390,343
18402,337
18413,328
18424,323
18436,316
18447,312
18458,305
18470,296
18482,292
18493,285
18504,278
18515,271
18527,264
18539,261
18550,255
18562,247
18573,243
18584,238
18595,239
18608,236
18619,232
18630,231
18641,229
18653,233
18664,232
18676,233
18688,233
18699,235
18710,240
18721,242
18733,245
18745,253
18756,257
18767,263
18779,268
18790,273
18802,285
18813,290
18825,297
18836,302
18847,307
18859,317
18871,322
18882,327
18893,335
18905,340
18916,348
18927,353
18939,356
18951,366
18962,371
18973,377
18984,380
18996,383
19008,390
19019,393
19031,397
19042,401
19053,403
19064,407
19077,408
19088,411
19099,415
19110,415
19122,418
19134,418
19145,419
19156,422
19168,421
19179,422
19190,421
19203,422
19214,423
19225,420
19236,420
19248,417
19259,415
19271,414
19282,410
19294,409
19305,404
19316,399
19328,396
19340,390
19351,388
19362,382
19374,375
19385,371
19396,364
19408,361
19420,355
19431,347
19442,342
19453,335
19465,327
19477,321
19488,313
19500,308
19511,301
19522,291
19534,284
19546,276
19557,273
19568,266
19579,258
19591,255
19603,249
19614,245
19625,240
19637,236
19648,237
19659,234
19672,230
19683,228
19694,226
19705,230
19717,230
19728,230
19740,230
19751,231
19763,237
19774,240
19785,243
19796,246
19809,250
19820,257
19831,262
19843,267
19854,275
19866,281
19877,288
19889,293
19900,299
19911,311
19922,316
19935,324
19946,329
19957,334
19969,343
19980,348
19991,354
20003,362
20015,366
20026,373
20037,377
20048,382
20060,390
20072,393
20083,398
20094,400
20106,403
20117,409
20128,410
20141,413
20152,414
20163,416
20174,419
20186,419
20197,421
20209,422
20220,420
20232,421
20243,419
20254,419
20267,420
20278,415
20289,414
20300,410
20312,409
20323,407
20335,402
20346,400
20358,395
20369,392
20380,388
20391,382
20404,380
20415,374
20426,367
20438,362
20449,355
20460,351
20472,345
20484,336
20495,330
20506,323
20517,318
20529,311
20541,302
20552,297
20563,290
20575,282
20586,276
20598,268
20610,264
20621,258
20632,249
20643,244
20655,238
20667,236
20678,232
20689,227
20701,224
20712,221
20723,222
20736,221
20747,219
20758,221
20769,221
20781,223
20792,224
20804,226
20815,234
20827,237
20838,240
20849,244
20860,249
20873,259
20884,264
20895,270
20907,274
20918,280
20929,289
20941,294
20953,300
20964,309
20975,315
20986,322
20999,327
21010,332
21021,342
21032,347
21044,352
21055,356
21067,360
21079,367
21090,370
21101,375
21112,379
21124,382
21136,388
21147,391
21158,395
21170,401
21181,403
21192,407
21204,408
21216,410
21227,413
21238,412
21250,414
21261,413
21273,413
21284,415
21296,412
21307,412
21318,410
21330,407
21342,407
21353,403
21364,401
21376,397
21387,390
21399,387
21410,381
21422,378
21433,372
21444,365
21455,361
21468,355
21479,350
21490,344
21501,336
21513,332
21524,325
21536,317
21548,311
21559,304
21570,299
21581,292
21593,284
21605,280
21616,273
21627,270
21639,264
21650,257
21661,256
21673,251
21685,247
21696,244
21707,239
21719,240
21731,237
21742,233
21753,231
21765,229
21776,232
21787,231
21799,229
21811,229
21822,229
21833,233
21844,233
21856,234
21868,235
21879,237
21891,242
21902,244
21913,247
21924,254
21937,258
21948,264
21959,268
21970,272
21982,283
21993,287
22005,294
22017,298
22028,303
22039,312
22050,317
22063,323
22074,331
22085,336
22096,344
22108,348
22119,353
22131,362
22142,365
22154,369
22165,372
22176,375
22188,380
22200,381
22211,385
22222,385
22234,386
22245,390
22256,390
22268,392
22280,395
22291,392
22302,393
22313,391
22325,391
22337,392
22348,388
22360,387
22371,383
22382,382
22394,381
22406,377
22417,375
22428,371
22439,367
22451,364
22463,358
22474,354
22486,349
22497,341
22508,337
22519,330
22532,326
22543,320
22554,312
22565,308
22577,302
22588,299
22600,293
22611,286
22623,281
22634,275
22645,268
22657,263
22669,257
22680,254
22691,249