11,109
17,177
24,250
30,317
37,327
44,337
51,344
57,342
63,341
70,340
76,346
83,346
90,344
97,342
103,350
110,354
116,350
122,346
130,352
136,360
143,353
149,349
156,354
162,361
169,354
176,349
183,355
189,362
197,360
206,355
216,364
225,362
235,354
244,353
253,354
263,356
272,353
281,354
290,353
301,353
310,355
319,353
328,355
337,353
347,355
356,354
366,355
375,356
385,354
394,355
403,353
412,354
421,355
432,352
441,353
450,351
459,353
468,354
478,352
487,354
497,352
506,352
516,350
525,351
534,352
543,348
552,349
563,348
572,348
581,350
590,345
600,347
609,345
618,345
628,347
637,347
647,348
656,346
665,346
674,345
684,346
693,348
703,345
712,346
721,344
731,345
740,347
749,343
758,345
769,343
778,344
787,346
796,347
805,348
815,345
824,346
834,345
843,346
852,348
862,345
871,347
880,345
889,346
900,348
909,344
918,346
927,344
936,346
946,348
955,349
965,350
974,348
984,349
993,348
1002,349
1012,340
1022,339
1034,344
1044,343
1054,357
1064,368
1075,371
1085,368
1096,360
1106,348
1117,338
1127,336
1137,339
1147,347
1158,360
1169,372
1179,376
1189,373
1200,366
1210,355
1220,344
1231,340
1242,343
1252,350
1262,362
1272,373
1283,378
1294,377
1304,370
1314,359
1325,347
1335,341
1345,341
1355,347
1367,357
1377,369
1387,376
1397,376
1408,370
1418,360
1429,349
1439,341
1449,340
1460,346
1470,355
1480,369
1490,377
1502,378
1512,373
1522,363
1532,349
1543,338
1553,335
1564,339
1574,348
1585,361
1595,372
1605,374
1615,369
1627,360
1637,346
1647,336
1657,332
1668,334
1678,342
1688,354
1699,364
1710,368
1720,366
1730,358
1740,346
1751,335
1762,330
1772,332
1782,339
1793,350
1803,361
1813,367
1823,365
1835,359
1845,347
1855,336
1865,330
1875,330
1886,336
1897,347
1907,358
1917,365
1928,365
1938,360
1948,349
1959,339
1970,329
1980,329
1990,335
2000,346
2011,359
2021,371
2032,373
2042,369
2053,360
2063,349
2073,339
2083,338
2095,343
2105,353
2115,367
2125,379
2136,382
2146,379
2156,370
2167,357
2178,347
2188,344
2198,347
2208,356
2219,369
2230,382
2240,387
2250,385
2260,378
2271,366
2281,354
2292,350
2302,352
2313,360
2323,372
2333,385
2343,390
2354,389
2365,382
2375,370
2385,358
2396,351
2406,352
2416,358
2427,369
2438,381
2448,388
2458,387
2468,381
2479,370
2489,358
2500,349
2510,348
2521,353
2531,363
2541,377
2551,385
2563,385
2573,380
2583,370
2593,355
2604,344
2614,342
2625,347
2635,357
2646,372
2656,384
2666,386
2676,382
2686,372
2698,358
2708,346
2718,341
2728,344
2739,352
2749,365
2760,376
2770,381
2781,378
2791,370
2801,357
2811,346
2822,340
2833,341
2843,348
2853,361
2864,373
2874,379
2884,378
2895,372
2906,360
2916,348
2926,341
2936,341
2947,347
2958,359
2968,371
2978,379
2989,379
2999,374
3009,363
3019,352
3031,342
3041,342
3051,348
3061,359
3072,373
3082,385
3093,386
3103,382
3113,372
3124,360
3134,350
3144,348
3154,353
3166,364
3176,378
3186,391
3196,394
3207,390
3217,381
3228,368
3238,357
3249,354
3259,358
3269,367
3279,381
3291,394
3301,398
3311,396
3321,388
3332,375
3342,364
3352,359
3363,362
3374,370
3384,384
3394,398
3404,405
3415,404
3426,397
3436,385
3446,372
3457,365
3467,366
3477,374
3487,387
3499,402
3509,410
3519,411
3529,404
3539,392
3550,378
3561,368
3571,366
3581,372
3592,383
3602,398
3612,408
3623,409
3634,403
3644,392
3654,376
3664,363
3675,360
3685,365
3696,375
3706,389
3717,401
3727,404
3737,399
3747,389
3759,374
3769,361
3779,357
3789,359
3800,368
3810,382
3820,394
3831,398
3842,395
3852,386
3862,372
3872,360
3883,354
3894,356
3904,364
3914,378
3924,391
3935,398
3945,397
3956,389
3966,377
3977,365
3987,357
3997,359
4007,367
4018,381
4029,395
4039,405
4049,405
4060,399
4070,387
4080,373
4091,362
4102,361
4112,367
4122,379
4132,394
4143,407
4153,409
4164,404
4174,393
4185,379
4195,367
4205,364
4215,369
4227,380
4237,396
4247,410
4257,413
4268,410
4278,400
4289,385
4299,371
4310,366
4320,367
4330,374
4340,386
4350,397
4362,400
4372,396
4382,386
4392,372
4403,358
4413,352
4424,353
4434,359
4445,370
4455,383
4465,388
4475,387
4486,381
4497,370
4507,359
4517,353
4528,354
4538,360
4548,372
4559,385
4570,393
4580,393
4590,387
4600,377
4611,365
4622,357
4632,356
4642,361
4653,371
4663,385
4673,393
4683,393
4695,387
4705,377
4715,362
4725,351
4736,348
4746,353
4757,362
4767,376
4777,387
4788,389
4798,384
4808,373
4818,359
4830,347
4840,342
4850,344
4860,352
4871,365
4881,376
4892,380
4902,377
4913,369
4923,356
4933,345
4943,340
4955,342
4965,350
4975,363
4985,375
4996,382
5006,381
5016,374
5027,362
5038,351
5048,344
5058,344
5068,350
5079,361
5090,373
5100,381
5110,381
5121,375
5131,364
5141,353
5151,344
5163,344
5173,351
5183,363
5193,378
5203,390
5214,393
5225,388
5235,378
5245,366
5256,355
5266,354
5276,359
5287,370
5298,385
5308,399
5318,402
5328,399
5339,389
5349,375
5360,363
5370,360
5381,363
5391,373
5401,387
5411,400
5423,405
5433,403
5443,395
5453,382
5464,369
5474,364
5484,366
5495,374
5506,387
5516,400
5526,406
5536,405
5547,397
5558,384
5568,371
5578,363
5588,363
5599,369
5609,381
5620,394
5630,401
5641,401
5651,395
5661,384
5671,371
5682,362
5693,361
5703,366
5713,377
5724,392
5734,401
5744,402
5755,396
5766,385
5776,369
5786,357
5796,355
5807,358
5817,368
5828,382
5838,393
5849,394
5859,390
5869,379
5879,364
5891,352
5901,348
5911,351
5921,359
5932,373
5942,385
5953,390
5963,387
5974,379
5984,365
5994,354
6004,348
6014,350
6026,357
6036,370
6046,382
6056,388
6067,387
6077,379
6088,367
6098,354
6109,347
6119,347
6129,353
6139,365
6150,377
6161,385
6171,385
6181,379
6192,368
6202,355
6212,345
6223,344
6234,349
6244,360
6254,373
6264,385
6275,386
6286,381
6296,371
6306,359
6317,348
6327,346
6337,351
6347,361
6359,376
6369,388
6379,391
6389,387
6400,378
6410,365
6421,353
6431,349
6441,352
6452,361
6462,374
6472,386
6482,390
6494,388
6504,380
6514,367
6524,355
6535,350
6545,352
6556,359
6566,371
6577,384
6587,390
6597,389
6607,382
6619,370
6629,358
6639,352
6649,352
6660,359
6670,371
6680,384
6691,391
6702,391
6712,385
6722,373
6732,360
6743,351
6754,350
6764,355
6774,366
6785,379
6795,387
6805,388
6815,383
6827,372
6837,359
6847,348
6857,345
6867,349
6878,358
6889,372
6899,384
6909,387
6920,383
6930,374
6940,360
6951,348
6962,344
6972,346
6982,354
6992,367
7003,378
7013,382
7024,380
7034,372
7045,359
7055,347
7065,342
7075,344
7087,351
7097,364
7107,377
7117,383
7128,382
7138,374
7148,362
7159,350
7170,342
7180,343
7190,349
7200,361
7211,373
7222,381
7232,381
7242,375
7252,364
7263,352
7273,341
7284,340
7294,345
7305,356
7315,368
7325,380
7335,381
7346,376
7357,367
7367,355
7377,345
7388,344
7398,349
7408,359
7419,373
7430,386
7440,389
7450,386
7460,377
7471,364
7481,353
7492,351
7502,354
7513,363
7523,377
7533,390
7543,395
7555,392
7565,384
7575,372
7585,360
7596,355
7606,358
7617,366
7627,379
7638,392
7648,398
7658,397
7668,390
7678,378
7690,366
7700,359
7710,360
7720,367
7731,378
7741,392
7752,399
7762,398
7773,392
7783,380
7793,366
7803,357
7814,356
7825,361
7835,371
7845,384
7856,394
7866,395
7876,389
7887,379
7898,365
7908,353
7918,350
7928,354
7939,363
7950,377
7960,388
7970,390
7981,386
7991,376
8001,361
8011,349
8023,345
8033,347
8043,355
8053,368
8064,380
8074,385
8085,383
8095,375
8105,362
8116,352
8126,346
8136,348
8146,357
8158,370
8168,383
8178,389
8188,389
8199,381
8209,369
8220,357
8230,349
8241,350
8251,357
8261,369
8271,381
8283,389
8293,389
8303,383
8313,371
8324,359
8334,349
8344,348
8355,354
8366,365
8376,378
8386,390
8396,391
8407,386
8418,375
8428,363
8438,352
8449,350
8459,354
8469,365
8479,380
8491,392
8501,396
8511,393
8521,384
8531,371
8542,360
8553,357
8563,361
8573,370
8584,384
8594,397
8604,401
8615,398
8626,389
8636,375
8646,363
8656,358
8667,360
8677,369
8688,382
8698,396
8709,401
8719,400
8729,392
8739,380
8751,367
8761,361
8771,362
8781,369
8792,381
8802,395
8812,402
8823,402
8834,396
8844,384
8854,370
8864,360
8875,359
8886,364
8896,375
8906,389
8916,399
8927,400
8937,394
8948,383
8958,369
8969,357
8979,353
8989,356
8999,366
9010,380
9021,392
9031,395
9041,390
9052,380
9062,365
9072,353
9083,348
9094,351
9104,359
9114,372
9124,384
9135,388
9145,385
9156,377
9166,363
9177,352
9187,346
9197,349
9207,357
9219,371
9229,384
9239,390
9249,388
9260,380
9270,367
9281,354
9291,347
9302,348
9312,356
9322,369
9332,382
9342,391
9354,390
9364,384
9374,372
9384,360
9395,349
9405,349
9416,355
9426,367
9437,382
9447,394
9457,396
9467,391
9478,381
9489,367
9499,356
9509,354
9520,358
9530,369
9540,384
9551,397
9562,401
9572,397
9582,388
9592,375
9603,363
9614,360
9624,364
9634,373
9645,387
9655,401
9665,406
9675,403
9687,395
9697,382
9707,370
9717,364
9728,366
9738,374
9749,388
9759,401
9769,407
9780,406
9790,398
9800,385
9810,372
9822,364
9832,365
9842,371
9852,382
9863,395
9873,402
9884,402
9894,395
9905,383
9915,370
9925,360
9935,359
9947,364
9957,375
9967,388
9977,397
9988,398
9998,392
10008,381
10020,380
10032,368
10043,368
10054,374
10065,372
10077,371
10089,375
10100,373
10112,374
10123,374
10134,373
10146,376
10158,376
10169,379
10180,379
10191,379
10203,381
10215,381
10226,382
10237,381
10249,380
10260,382
10271,381
10284,382
10295,381
10306,380
10317,381
10329,380
10340,376
10352,380
10363,379
10375,381
10386,381
10397,380
10408,383
10421,382
10432,384
10443,383
10455,382
10466,385
10478,384
10489,387
10501,387
10512,387
10523,390
10534,390
10547,391
10558,390
10569,389
10580,390
10592,389
10603,390
10615,392
10627,390
10638,392
10649,390
10660,387
10672,389
10684,388
10695,390
10706,389
10718,387
10729,389
10740,388
10753,388
10764,387
10775,386
10786,387
10798,387
10809,388
10821,387
10832,386
10844,387
10855,386
10866,387
10878,386
10890,385
10901,386
10912,385
10924,383
10935,387
10947,385
10958,386
10970,384
10981,382
10992,383
11003,382
11016,382
11027,381
11038,380
11049,382
11061,381
11072,382
11084,380
11096,379
11107,380
11118,379
11129,380
11141,379
11153,377
11164,379
11175,378
11187,376
11198,375
11209,374
11222,376
11233,375
11244,373
11255,377
11267,376
11279,378
11290,376
11301,375
11313,377
11324,376
11335,376
11347,375
11359,374
11370,376
11381,375
11393,377
11404,376
11416,375
11427,377
11439,377
11450,378
11461,378
11472,378
11485,380
11496,379
11507,377
11518,381
11530,380
11541,382
11553,382
11565,381
11576,384
11587,383
11598,385
11611,385
11622,384
11633,387
11644,386
11656,387
11667,387
11679,385
11691,387
11702,386
11713,388
11724,387
11736,386
11748,388
11759,386
11770,387
11782,389
11793,387
11804,388
11816,386
11828,383
11839,384
11850,383
11862,384
11873,383
11885,382
11896,384
11908,382
11919,384
11930,383
11942,381
11954,383
11965,382
11976,383
11987,382
11999,380
12011,381
12022,380
12034,381
12045,379
12056,378
12067,378
12080,377
12091,374
12102,376
12113,374
12125,374
12136,372
12148,369
12160,370
12171,368
12182,369
12193,367
12205,365
12217,367
12228,365
12239,365
12251,364
12262,362
12273,364
12285,363
12297,364
12308,363
12319,361
12331,361
12343,360
12354,357
12365,356
12377,355
12388,356
12399,355
12411,353
12423,357
12434,356
12445,357
12456,356
12468,355
12480,357
12491,356
12503,358
12514,358
12525,358
12536,361
12549,361
12560,363
12571,363
12582,362
12594,364
12605,364
12617,366
12628,366
12640,366
12651,368
12662,368
12675,367
12686,371
12697,370
12708,372
12720,372
12731,371
12743,374
12754,374
12766,376
12777,376
12788,375
12800,377
12812,376
12823,378
12834,377
12846,375
12857,377
12868,376
12880,378
12892,377
12903,376
12914,378
12925,377
12937,378
12949,380
12960,379
12972,380
12983,379
12994,376
13005,377
13018,376
13029,376
13040,374
13051,372
13063,373
13075,371
13086,372
13097,371
13109,369
13120,370
13131,369
13144,369
13155,368
13166,367
13177,368
13189,366
13200,367
13212,366
13223,364
13235,365
13246,364
13257,361
13268,363
13281,362
13292,363
13303,362
13315,361
13326,363
13337,362
13349,363
13361,362
13372,361
13383,363
13394,361
13407,363
13418,362
13429,361
13441,363
13452,363
13463,364
13475,363
13487,363
13498,365
13509,364
13520,363
13532,363
13544,362
13555,364
13566,364
13578,363
13589,369
13600,369
13613,371
13624,371
13635,371
13646,373
13658,373
13669,374
13681,373
13692,372
13704,374
13715,373
13726,375
13737,374
13750,373
13761,374
13772,373
13784,374
13795,373
13807,373
13818,374
13830,374
13841,372
13852,376
13863,375
13876,376
13887,375
13898,374
13910,376
13921,375
13932,376
13944,376
13956,374
13967,376
13978,375
13989,376
14001,375
14013,373
14024,374
14035,372
14047,373
14058,371
14069,370
14082,370
14093,369
14104,369
14115,371
14127,369
14139,370
14150,368
14161,364
14173,365
14184,363
14195,364
14208,363
14219,361
14230,363
14241,363
14253,365
14264,364
14276,363
14287,365
14299,363
14310,364
14321,363
14332,362
14345,364
14356,363
14367,364
14379,363
14390,362
14401,363
14413,362
14425,359
14436,362
14447,361
14458,363
14470,362
14482,361
14493,364
14504,364
14516,365
14527,365
14539,364
14551,367
14562,367
14573,369
14584,368
14596,367
14608,369
14619,368
14630,368
14642,368
14653,367
14664,369
14676,369
14688,369
14699,371
14710,371
14722,373
14733,373
14745,373
14756,376
14768,376
14779,378
14790,377
14801,377
14814,379
14825,379
14836,380
14848,380
14859,380
14871,382
14882,382
14894,384
14905,383
14916,382
14927,384
14940,383
14951,384
14962,383
14973,382
14985,383
14996,382
15008,380
15020,384
15031,382
15042,383
15053,382
15065,380
15077,381
15088,379
15099,380
15111,379
15122,378
15133,379
15145,377
15157,378
15168,376
15179,374
15191,376
15202,375
15214,376
15225,375
15237,374
15248,375
15259,373
15271,371
15283,370
15294,369
15305,370
15316,369
15328,366
15340,370
15351,369
15363,370
15374,369
15385,368
15396,370
15409,369
15420,371
15431,370
15442,368
15454,370
15465,369
15477,369
15489,368
15500,366
15511,368
15522,367
15534,368
15546,367
15557,366
15568,368
15580,367
15591,364
15603,368
15614,367
15626,368
15637,367
15648,366
15660,369
15672,369
15683,370
15694,370
15706,368
15717,370
15728,369
15740,370
15752,370
15763,369
15774,371
15785,371
15797,372
15809,371
15820,369
15832,371
15843,370
15854,371
15865,374
15878,373
15889,374
15900,373
15911,369
15923,371
15934,370
15946,371
15958,371
15969,370
15980,374
15991,373
16004,376
16015,375
16026,374
16037,376
16049,375
16060,376
16072,376
16083,375
16095,377
16106,376
16117,377
16129,377
16141,376
16152,377
16163,376
16175,374
16186,377
16197,376
16209,378
16221,377
16232,375
16243,377
16254,376
16266,376
16278,375
16289,373
16301,375
16312,373
16323,374
16334,374
16347,372
16358,373
16369,372
16380,373
16392,372
16404,370
16415,372
16427,371
16438,369
16449,368
16460,367
16473,369
16484,368
16495,366
16506,370
16518,369
16529,371
16541,369
16552,367
16564,369
16575,368
16586,368
16598,367
16610,366
16621,368
16632,367
16644,368
16655,368
16666,367
16678,369
16690,369
16701,371
16712,370
16723,369
16736,371
16747,371
16758,368
16770,372
16781,372
16792,373
16804,373
16816,372
16827,374
16838,374
16849,376
16861,376
16873,376
16884,379
16896,378
16907,379
16918,378
16929,377
16942,379
16953,379
16964,380
16975,380
16987,380
16998,382
17010,381
17021,382
17033,385
17044,384
17055,386
17068,385
17079,382
17090,385
17101,384
17113,385
17124,385
17136,384
17147,386
17159,386
17170,387
17181,387
17192,386
17205,387
17216,386
17227,386
17239,384
17250,382
17261,383
17273,381
17285,382
17296,380
17307,379
17318,380
17330,379
17342,377
17353,379
17364,378
17376,379
17387,379
17398,377
17411,380
17422,379
17433,380
17444,379
17456,376
17468,378
17479,376
17490,376
17502,375
17513,374
17524,375
17537,374
17548,375
17559,374
17570,372
17582,374
17593,373
17605,371
17616,370
17628,369
17639,371
17650,371
17661,370
17674,376
17685,375
17696,378
17708,378
17719,377
17730,380
17742,380
17754,381
17765,380
17776,379
17787,381
17800,380
17811,381
17822,381
17833,380
17845,382
17856,382
17868,383
17880,382
17891,381
17902,383
17913,382
17925,381
17937,385
17948,385
17959,387
17971,386
17982,385
17993,387
18006,386
18017,387
18028,386
18039,385
18051,387
18062,387
18074,388
18085,387
18097,386
18108,388
18119,387
18130,388
18143,387
18154,385
18165,386
18177,385
18188,385
18200,387
18211,385
18223,385
18234,383
18245,379
18256,380
18269,378
18280,379
18291,378
18302,376
18314,378
18325,377
18337,378
18349,377
18360,375
18371,375
18382,374
18394,374
18406,373
18417,372
18428,373
18440,372
18451,373
18462,371
18475,369
18486,370
18497,369
18508,366
18520,368
18531,367
18543,368
18554,367
18566,366
18577,368
18588,367
18600,368
18612,367
18623,366
18634,368
18646,368
18657,369
18669,368
18680,366
18692,368
18703,367
18714,368
18725,368
18738,368
18749,371
18760,371
18771,370
18783,370
18794,369
18806,372
18818,372
18829,371
18840,376
18851,376
18863,377
18875,377
18886,375
18897,378
18909,377
18920,379
18932,378
18944,378
18955,380
18966,380
18977,382
18989,382
19001,381
19012,384
19023,384
19035,386
19046,386
19057,386
19069,387
19081,386
19092,385
19103,389
19115,388
19126,389
19138,388
19149,386
19161,388
19172,387
19183,389
19194,388
19207,387
19218,389
19229,388
19240,389
19252,387
19264,386
19275,387
19287,386
19298,386
19309,386
19320,384
19333,385
19344,384
19355,383
19366,385
19378,383
19389,384
19401,383
19412,381
19424,382
19435,381
19446,382
19458,381
19470,380
19481,382
19492,382
19504,383
19515,382
19526,380
19538,382
19550,380
19561,381
19572,380
19584,379
19595,381
19607,380
19618,382
19630,382
19641,381
19652,383
19664,382
19676,379
19687,382
19698,381
19709,383
19721,382
19733,381
19744,384
19756,383
19767,385
19778,384
19789,383
19802,385
19813,384
19824,385
19835,385
19847,384
19858,387
19870,386
19881,388
19893,388
19904,387
19915,390
19927,389
19939,390
19950,389
19961,387
19973,389
19984,388
19996,385
20007,390
20019,390
20030,392
20041,391
20052,390
20065,392
20076,391
20087,392
20099,391
20110,390
20121,392
20133,391
20145,392
20156,391
20167,390
20178,392
20190,391
20202,392
20213,392
20225,391
20236,392
20247,392
20258,390
20271,394
20282,393
20293,395
20304,394
20316,393
20327,395
20339,393
20350,394
20362,393
20373,391
20384,392
20397,391
20408,391
20419,390
20430,388
20442,389
20453,388
20465,388
20476,387
20488,385
20499,385
20510,384
20521,382
20534,381
20545,379
20556,380
20568,379
20579,378
20590,382
20602,380
20614,382
20625,381
20636,379
20647,382
20659,381
20671,382
20682,381
20694,379
20705,381
20716,380
20728,381
20740,380
20751,378
20762,379
20773,378
20785,379
20797,378
20808,377
20819,379
20831,379
20842,376
20853,379
20866,378
20877,379
20888,379
20899,378
20911,380
20922,380
20934,382
20945,382
20957,381
20968,384
20979,384
20990,385
21003,385
21014,384
21025,387
21037,386
21048,388
21059,388
21071,387
21083,389
21094,388
21105,389
21116,392
21129,391
21140,393
21151,393
21163,389
21174,391
21185,390
21197,391
21209,390
21220,388
21231,390
21242,389
21254,390
21266,389
21277,387
21288,389
21300,387
21311,388
21322,387
21335,386
21346,387
21357,386
21368,386
21380,385
21391,384
21403,385
21414,384
21426,382
21437,385
21448,384
21460,384
21472,383
21483,381
21494,383
21506,381
21517,382
21529,381
21540,379
21552,381
21563,379
21574,380
21585,378
21598,376
21609,378
21620,377
21632,377
21643,376
21654,375
21666,377
21678,375
21689,374
21700,373
21711,372
21723,373
21735,372
21746,370
21757,374
21769,373
21780,374
21791,373
21804,371
21815,373
21826,372
21837,373
21849,373
21861,372
21872,374
21883,373
21895,374
21906,373
21917,372
21929,374
21941,373
21952,375
21963,375
21975,375
21986,376
21998,376
22009,373
22021,376
22032,375
22043,377
22054,377
22067,376
22078,379
22089,378
22100,380
22112,379
22123,378
22135,380
22147,379
22158,380
22169,379
22180,378
22193,380
22204,380
22215,381
22226,380
22238,379
22249,380
22261,379
22273,380
22284,382
22295,382
22306,384
22318,384
22330,381
22341,383
22352,381
22364,382
22375,381
22386,379
22398,380
22410,379
22421,380
22432,379
22444,377
22455,378
22467,377
22478,378
22490,378
22501,376
22512,378
22523,376
22536,375
22547,373
22558,370
22569,369
22581,367
22593,363
22604,364
22616,363
22627,365
22638,364
22649,362
22662,365
22673,363
22684,364
22695,363
22707,360
22718,361
22730,360
22742,361
22753,361
22764,360
22775,362
22787,362
22799,364
22810,365
22821,365
22833,368
22844,368
22855,366
22867,364
22879,362
22890,362
22901,360
22913,358
22925,362
22936,361
22947,363
22959,363
22970,363
22981,365
22993,364
23005,365
23016,364
23027,363
23038,366
23050,367
23062,370
23073,371
23085,372
23096,375
23107,374
23118,376
23131,376
23142,376
23153,379
23164,379
23176,378
23187,381
23199,379
23211,379
23222,377
23233,375
23244,376
23256,374
23268,374
23279,373
23290,372
23302,373
23313,372
23325,373
23336,371
23348,368
23359,369
23370,367
23382,367
23394,366
23405,365
23416,366
23428,364
23439,364
23450,364
23462,361
23474,360
23485,357
23496,352
23507,352
23519,350
23531,351
23542,350
23554,350
23565,353
23576,354
23587,358
23600,358
23611,358
23622,359
23633,357
23645,354
23656,349
23668,343
23680,340
23691,336
23702,334
23713,333
23726,332
23737,335
23748,336
23759,337
23771,341
23782,343
23794,345
23805,344
23817,342
23828,344
23839,344